117
138
171
158
119
170
118
102
189
184
161
196
177
151
116
151
189
199
174
172
106
136
181
112
130
178
171
184
198
135
125
140
171
181
164
105
198
106
193
175
120
145
116
141
120
165
131
120
126
132
134
134
162
192
114
183
142
111
127
139
107
123
155
178
196
176
195
131
171
132
169
158
111
144
155
162
124
119
190
157
192
165
132
108
174
165
156
171
182
154
186
140
108
124
180
170
180
183
130
172
151
101
102
122
108
184
178
158
176
136
174
100
149
141
148
151
165
141
184
152
167
104
129
139
196
192
174
193
177
178
146
117
192
110
161
151
195
172
151
175
131
192
189
120
198
123
177
192
114
188
111
164
148
176
184
168
113
115
148
182
138
184
132
109
153
152
155
110
126
161
140
105
184
112
136
196
102
157
151
160
195
159
137
101
129
116
164
191
109
183
115
195
182
101
116
136
191
187
107
170
149
161
